@@bus
min_vm_pu,max_vm_pu,type,vn_kv,zone
0.94,1.06,'b',135.0,1
0.94,1.06,'b',135.0,1
0.94,1.06,'b',135.0,1
0.94,1.06,'b',135.0,1
0.94,1.06,'b',135.0,1
0.94,1.06,'b',0.208,1
0.94,1.06,'b',14,1
0.94,1.06,'b',12,1
0.94,1.06,'b',0.208,1
0.94,1.06,'b',0.208,1
0.94,1.06,'b',0.208,1
0.94,1.06,'b',0.208,1
0.94,1.06,'b',0.208,1
0.94,1.06,'b',0.208,1

@@transformer_from_parameters
hv_bus,lv_bus,sn_mva,vn_hv_kv,vn_lv_kv,vkr_percent,vk_percent,pfe_kw,i0_percent,tap_side,tap_neutral,tap_step_percent,tap_pos
3,6,9900,135,14,0,2070.288,0,0,'hv',0,2.2,-1
3,8,9900,135,0.208,0,5506.182,0,0,'hv',0,3.1,-1
4,5,9900,135,0.208,0,2494.998,0,0,'hv',0,6.8,-1
6,7,9900,14,12,0,1743.885,0,0,,,,
6,8,9900,14,0.208,0,1089.099,0,0,,,,

@@line_from_parameters
from_bus,to_bus,type,length_km,max_i_ka,r_ohm_per_km,x_ohm_per_km,c_nf_per_km,max_loading_percent
0,1,'ol',1,42.33901974,3.532005,10.7837325,768.4847732,100
0,4,'ol',1,42.33901974,9.8469675,40.64904,716.0880841,100
8,9,'ol',1,27479.65224,1.38E-05,3.66E-05,0,100
8,13,'ol',1,27479.65224,5.50E-05,0.000116977,0,100
9,10,'ol',1,27479.65224,3.55E-05,8.31E-05,0,100
11,12,'ol',1,27479.65224,9.56E-05,8.65E-05,0,100
12,13,'ol',1,27479.65224,7.40E-05,0.000150567,0,100
1,2,'ol',1,42.33901974,8.5639275,36.0800325,637.4930505,100
1,3,'ol',1,42.33901974,10.5905475,32.13432,494.8576191,100
1,4,'ol',1,42.33901974,10.3791375,31.68963,503.5904006,100
2,3,'ol',1,42.33901974,12.2125725,31.1702175,186.299339,100
3,4,'ol',1,42.33901974,2.4330375,7.6745475,0,100
5,10,'ol',1,27479.65224,4.11E-05,8.61E-05,0,100
5,11,'ol',1,27479.65224,5.32E-05,0.000110674,0,100
5,12,'ol',1,27479.65224,2.86E-05,5.64E-05,0,100

@@load
bus,controllable,p_mw,q_mvar,type
1,False,21.7,12.7,
2,False,94.2,19,
13,False,14.9,5,
3,False,47.8,-3.9,
4,False,7.6,1.6,
5,False,11.2,7.5,
8,False,29.5,16.6,
9,False,9,5.8,
10,False,3.5,1.8,
11,False,6.1,1.6,
12,False,13.5,5.8,

@@ext_grid
bus,in_service,va_degree,vm_pu,max_p_mw,min_p_mw,max_q_mvar,min_q_mvar
0,True,0,1.06,332.4,0,10,0

@@gen
bus,controllable,p_mw,vm_pu,max_p_mw,min_p_mw,max_q_mvar,min_q_mvar
1,True,40,1.045,140,0,50,-40
2,True,0,1.01,100,0,40,0
5,True,0,1.07,100,0,24,-6
7,True,0,1.09,100,0,24,-6

